[H[48;2;0;0;0m                                                                                                                                                                                         [m
[48;2;0;0;0m                                                                                                                                                                                         [m
[48;2;0;0;0m                                                                                                                                                                                         [m
[48;2;0;0;0m                                                                                                                                                                                         [m
[48;2;0;0;0m                                                                                                                                                                                         [m
[48;2;0;0;0m                                                                                                                                                                                         [m
[48;2;0;0;0m                                                                                                                                                                                         [m
[48;2;0;0;0m                                                                                                                                                                                         [m
[48;2;0;0;0m                                                                                                                                                                                         [m
[48;2;0;0;0m                                                                                                                                                                                         [m
[48;2;0;0;0m                                                                                                                                                                                         [m
[48;2;0;0;0m                                                                                                                                                                                         [m
[48;2;0;0;0m                                                                                                                                                                                         [m
[48;2;0;0;0m                                                                                                                                                                                         [m
[48;2;0;0;0m                                                                                                                                                                                         [m
[48;2;0;0;0m                                                                                                                                                                                         [m
[48;2;0;0;0m                                                                                                                                                                                         [m
[48;2;0;0;0m                                                                                                                                                                                         [m
[48;2;0;0;0m                                                                                                                                                                                         [m
[48;2;0;0;0m                                                                        [48;2;0;0;1m                       [48;2;0;0;0m                                                                                          [m
[48;2;0;0;0m                                                                       [48;2;0;0;1m                       [48;2;0;0;0m                                                                                           [m
[48;2;0;0;0m                                                                     [38;2;246;246;246;48;2;0;0;0m▄[48;2;0;0;0m [38;2;0;0;0;48;2;0;0;1m▄▄▄▄▄▄▄▄▄▄▄▄▄▄▄▄▄▄▄▄▄▄▄[48;2;0;0;0m  [38;2;247;247;247;48;2;0;0;0m▄[48;2;0;0;0m                          [38;2;247;247;247;48;2;0;0;0m▄[48;2;0;0;0m                                                             [m
[48;2;0;0;0m                                                                    [38;2;255;255;255;48;2;248;248;248m▄[38;2;0;0;0;48;2;255;255;255m▄[48;2;0;0;0m  [48;2;0;0;1m                       [48;2;255;255;255m [38;2;0;0;0;48;2;255;255;255m▄[48;2;0;0;0m                         [48;2;255;255;255m [38;2;0;0;0;48;2;255;255;255m▄[48;2;0;0;0m                                                             [m
[48;2;0;0;0m                                           [38;2;255;255;255;48;2;0;0;0m▄[48;2;255;255;255m [38;2;215;215;215;48;2;255;255;255m▄[38;2;0;0;0;48;2;255;255;255m▄▄▄[38;2;252;252;252;48;2;255;255;255m▄[48;2;255;255;255m [38;2;255;255;255;48;2;0;0;0m▄[48;2;0;0;0m  [38;2;255;255;255;48;2;0;0;0m▄[38;2;149;149;149;48;2;152;152;152m▄[38;2;0;0;0;48;2;255;255;255m▄▄[48;2;255;255;255m [38;2;255;255;255;48;2;0;0;0m▄[38;2;250;250;250;48;2;0;0;0m▄[48;2;0;0;0m      [38;2;255;255;255;48;2;107;107;107m▄[38;2;133;133;133;48;2;255;255;255m▄[48;2;0;0;0m [38;2;255;255;255;48;2;0;0;0m▄[48;2;255;255;255m  [38;2;0;0;1;48;2;255;255;255m▄▄▄[38;2;131;131;132;48;2;255;255;255m▄[48;2;255;255;255m [38;2;255;255;255;48;2;0;0;1m▄[48;2;0;0;1m  [38;2;255;255;255;48;2;0;0;1m▄[38;2;255;255;255;48;2;43;43;44m▄[38;2;0;0;1;48;2;255;255;255m▄▄[48;2;255;255;255m [38;2;255;255;255;48;2;115;115;116m▄[38;2;255;255;255;48;2;0;0;1m▄[48;2;0;0;1m      [38;2;255;255;255;48;2;107;107;108m▄[38;2;131;131;131;48;2;255;255;255m▄[48;2;0;0;0m [38;2;255;255;255;48;2;0;0;0m▄[48;2;255;255;255m  [38;2;0;0;0;48;2;255;255;255m▄▄▄[38;2;155;155;155;48;2;255;255;255m▄[48;2;255;255;255m [38;2;255;255;255;48;2;0;0;0m▄[48;2;0;0;0m  [38;2;255;255;255;48;2;0;0;0m▄[38;2;244;244;244;48;2;31;31;31m▄[38;2;0;0;0;48;2;255;255;255m▄▄[48;2;255;255;255m [38;2;255;255;255;48;2;72;72;72m▄[38;2;255;255;255;48;2;0;0;0m▄[48;2;0;0;0m      [38;2;255;255;255;48;2;123;123;123m▄[38;2;84;84;84;48;2;255;255;255m▄[48;2;0;0;0m [38;2;255;255;255;48;2;0;0;0m▄[48;2;255;255;255m  [38;2;0;0;0;48;2;255;255;255m▄▄▄[38;2;132;132;132;48;2;255;255;255m▄[48;2;255;255;255m [38;2;255;255;255;48;2;0;0;0m▄[48;2;0;0;0m  [38;2;255;255;255;48;2;0;0;0m▄[38;2;255;255;255;48;2;16;16;16m▄[38;2;0;0;0;48;2;255;255;255m▄▄[48;2;255;255;255m [38;2;255;255;255;48;2;91;91;91m▄[38;2;255;255;255;48;2;0;0;0m▄[48;2;0;0;0m                                           [m
[48;2;0;0;0m                                             [38;2;1;1;1;48;2;0;0;0m▄[38;2;2;2;2;48;2;0;0;0m▄▄[48;2;255;255;255m    [48;2;0;0;0m [38;2;255;255;255;48;2;245;245;245m▄[48;2;255;255;255m [48;2;149;149;149m [48;2;0;0;0m   [48;2;255;255;255m   [48;2;0;0;0m    [38;2;255;255;255;48;2;0;0;0m▄[48;2;255;255;255m [48;2;0;0;0m    [48;2;0;0;1m [38;2;2;2;3;48;2;0;0;1m▄▄[48;2;255;255;255m    [48;2;0;0;1m [38;2;255;255;255;48;2;245;245;245m▄[48;2;255;255;255m  [48;2;0;0;1m   [48;2;183;183;183m [48;2;255;255;255m  [48;2;0;0;1m    [38;2;255;255;255;48;2;2;2;3m▄[38;2;249;249;249;48;2;255;255;255m▄[48;2;0;0;0m     [38;2;2;2;2;48;2;0;0;0m▄▄[48;2;255;255;255m    [48;2;0;0;0m [38;2;255;255;255;48;2;245;245;245m▄[48;2;255;255;255m [48;2;244;244;244m [48;2;0;0;0m   [48;2;203;203;203m [48;2;255;255;255m  [48;2;0;0;0m    [38;2;255;255;255;48;2;6;6;6m▄[38;2;243;243;243;48;2;255;255;255m▄[48;2;0;0;0m     [38;2;2;2;2;48;2;0;0;0m▄▄[48;2;255;255;255m    [48;2;0;0;0m [38;2;255;255;255;48;2;245;245;245m▄[48;2;255;255;255m  [48;2;0;0;0m   [48;2;180;180;180m [48;2;255;255;255m  [48;2;0;0;0m                                          [m
[48;2;0;0;0m                                            [38;2;255;255;255;48;2;0;0;0m▄[38;2;255;255;255;48;2;122;122;122m▄[48;2;255;255;255m   [38;2;83;83;83;48;2;255;255;255m▄[38;2;0;0;0;48;2;255;255;255m▄[48;2;0;0;0m  [48;2;255;255;255m  [48;2;149;149;149m [48;2;0;0;0m   [48;2;255;255;255m   [48;2;0;0;0m   [38;2;255;255;255;48;2;0;0;0m▄[48;2;255;255;255m [48;2;0;0;0m    [38;2;255;255;255;48;2;0;0;0m▄[38;2;255;255;255;48;2;18;18;19m▄[48;2;255;255;255m    [38;2;0;0;1;48;2;255;255;255m▄[48;2;0;0;1m  [48;2;255;255;255m   [48;2;0;0;1m   [48;2;183;183;183m [48;2;255;255;255m  [48;2;0;0;1m   [38;2;165;165;166;48;2;0;0;1m▄[48;2;255;255;255m [48;2;0;0;1m [48;2;0;0;0m   [38;2;255;255;255;48;2;0;0;0m▄▄[48;2;255;255;255m   [38;2;221;221;221;48;2;255;255;255m▄[38;2;0;0;0;48;2;255;255;255m▄[48;2;0;0;0m  [48;2;255;255;255m  [48;2;244;244;244m [48;2;0;0;0m   [48;2;203;203;203m [48;2;255;255;255m  [48;2;0;0;0m   [38;2;188;188;188;48;2;0;0;0m▄[48;2;255;255;255m [48;2;0;0;0m    [38;2;255;255;255;48;2;0;0;0m▄[38;2;255;255;255;48;2;21;21;21m▄[48;2;255;255;255m   [38;2;195;195;195;48;2;255;255;255m▄[38;2;0;0;0;48;2;255;255;255m▄[48;2;0;0;0m  [48;2;255;255;255m   [48;2;0;0;0m   [48;2;180;180;180m [48;2;255;255;255m  [48;2;0;0;0m                                          [m
[48;2;0;0;0m                                           [48;2;255;255;255m    [38;2;50;50;50;48;2;0;0;0m▄▄▄▄▄[48;2;0;0;0m [38;2;0;0;0;48;2;4;4;4m▄[48;2;255;255;255m [38;2;255;255;255;48;2;254;254;254m▄[38;2;255;255;255;48;2;253;253;253m▄[38;2;50;50;50;48;2;0;0;0m▄▄[38;2;253;253;253;48;2;255;255;255m▄[38;2;243;243;243;48;2;255;255;255m▄[48;2;0;0;0m   [38;2;146;146;146;48;2;0;0;0m▄[48;2;255;255;255m [38;2;0;0;0;48;2;70;70;70m▄[48;2;0;0;0m   [48;2;255;255;255m    [38;2;50;50;51;48;2;0;0;1m▄▄▄▄▄[48;2;0;0;1m [38;2;0;0;1;48;2;4;4;5m▄[48;2;255;255;255m  [38;2;255;255;255;48;2;253;253;253m▄[38;2;50;50;51;48;2;0;0;1m▄▄[48;2;183;183;183m [38;2;243;243;243;48;2;255;255;255m▄[48;2;0;0;1m   [38;2;3;3;4;48;2;0;0;1m▄[48;2;255;255;255m [38;2;0;0;1;48;2;59;59;60m▄[48;2;0;0;1m [48;2;0;0;0m  [48;2;255;255;255m    [38;2;50;50;50;48;2;0;0;0m▄▄▄▄▄[48;2;0;0;0m [38;2;0;0;0;48;2;4;4;4m▄[48;2;255;255;255m  [38;2;255;255;255;48;2;253;253;253m▄[38;2;50;50;50;48;2;0;0;0m▄▄[38;2;213;213;213;48;2;203;203;203m▄[38;2;243;243;243;48;2;255;255;255m▄[48;2;0;0;0m   [38;2;28;28;28;48;2;0;0;0m▄[48;2;255;255;255m [38;2;0;0;0;48;2;19;19;19m▄[48;2;0;0;0m   [48;2;255;255;255m    [38;2;50;50;50;48;2;0;0;0m▄▄▄▄▄[48;2;0;0;0m [38;2;0;0;0;48;2;4;4;4m▄[48;2;255;255;255m  [38;2;255;255;255;48;2;253;253;253m▄[38;2;50;50;50;48;2;0;0;0m▄▄[38;2;195;195;195;48;2;180;180;180m▄[38;2;243;243;243;48;2;255;255;255m▄[48;2;0;0;0m                                           [m
[48;2;0;0;0m                                           [38;2;0;0;0;48;2;255;255;255m▄▄▄▄▄▄▄▄▄[48;2;0;0;0m   [38;2;0;0;0;48;2;127;127;127m▄[38;2;0;0;0;48;2;255;255;255m▄▄▄[38;2;0;0;0;48;2;49;49;49m▄[48;2;0;0;0m    [48;2;255;255;255m [38;2;0;0;0;48;2;245;245;245m▄[48;2;0;0;0m    [38;2;0;0;0;48;2;255;255;255m▄▄[38;2;0;0;1;48;2;255;255;255m▄▄▄▄▄▄▄[48;2;0;0;1m   [38;2;0;0;1;48;2;14;14;15m▄[38;2;0;0;1;48;2;255;255;255m▄▄▄▄[48;2;0;0;1m    [48;2;255;255;255m [38;2;0;0;1;48;2;216;216;216m▄[48;2;0;0;1m  [48;2;0;0;0m  [38;2;0;0;0;48;2;255;255;255m▄▄▄▄▄▄▄▄▄[48;2;0;0;0m   [38;2;0;0;0;48;2;16;16;16m▄[38;2;0;0;0;48;2;255;255;255m▄▄▄[38;2;0;0;0;48;2;195;195;195m▄[48;2;0;0;0m    [48;2;255;255;255m [38;2;0;0;0;48;2;208;208;208m▄[48;2;0;0;0m    [38;2;0;0;0;48;2;255;255;255m▄▄▄▄▄▄▄▄▄[48;2;0;0;0m    [38;2;0;0;0;48;2;255;255;255m▄▄▄[38;2;0;0;0;48;2;156;156;156m▄[48;2;0;0;0m                                            [m
[48;2;0;0;0m                                                               [48;2;255;255;255m [38;2;0;0;0;48;2;255;255;255m▄[48;2;0;0;0m       [48;2;0;0;1m                  [38;2;255;255;255;48;2;217;217;217m▄[38;2;18;18;19;48;2;255;255;255m▄[48;2;0;0;1m   [48;2;0;0;0m                      [38;2;255;255;255;48;2;236;236;236m▄[38;2;6;6;6;48;2;255;255;255m▄[48;2;0;0;0m                                                                  [m
[48;2;0;0;0m                                                                                                                                                                                         [m
[48;2;0;0;0m                                                                                                                                                                                         [m
[48;2;0;0;0m                                                                                                                                                                                         [m
[48;2;0;0;0m                                                                                                                                                                                         [m
[48;2;0;0;0m                                                                                                                                                                                         [m
[48;2;0;0;0m                                                                                                                                                                                         [m
[48;2;0;0;0m                                                                                                                                                                                         [m
[48;2;0;0;0m                                                                                                                                                                                         [m
[48;2;0;0;0m                                                                                                                                                                                         [m
[48;2;0;0;0m                                                                                                                                                                                         [m
[48;2;0;0;0m                                                                                                                                                                                         [m
[48;2;0;0;0m                                                                                                                                                                                         [m
[48;2;0;0;0m                                                                                                                                                                                         [m
[48;2;0;0;0m                                                                                                                                                                                         [m
[48;2;0;0;0m                                                                                                                                                                                         [m
[48;2;0;0;0m                                                                                                                                                                                         [m
[48;2;0;0;0m                                                                                                                                                                                         [m
[48;2;0;0;0m                                                                                                                                                                                         [m
[48;2;0;0;0m                                                                                                                                                                                         [m
[48;2;0;0;0m                                                                                                                                                                                         [m
[48;2;0;0;0m                                                                                                                                                                                         [m
[48;2;0;0;0m                                                                                                                                                                                         [m
[48;2;0;0;0m                                                                                                                                                                                         [m